Title: Live Content

Description: Fetched live

Source: https://raw.githubusercontent.com/tarunshah/India-D3/master/MadhyaPradesh.geojson

---

{
"type": "FeatureCollection",
"crs": { "type": "name", "properties": { "name": "urn:ogc:def:crs:OGC:1.3:CRS84" } },
                                                                                
"features": [
{ "type": "Feature", "properties": { "ID_0": 105, "ISO": "IND", "NAME_0": "India", "ID_1": 20, "NAME_1": "Madhya Pradesh", "ID_2": 269, "NAME_2": "Datia", "NL_NAME_2": null, "VARNAME_2": null, "TYPE_2": "District", "ENGTYPE_2": "District" }, "geometry": { "type": "Polygon", "coordinates": [ [ [ 78.785011291504077, 26.236169815063533 ], [ 78.82891845703125, 26.205261230468864 ], [ 78.794586181640625, 26.172359466552848 ], [ 78.836776733398494, 26.114910125732479 ], [ 78.793220520019702, 26.090709686279411 ], [ 78.821212768554972, 26.074579238891658 ], [ 78.790748596191577, 26.061588287353516 ], [ 78.807228088378963, 26.047861099243164 ], [ 78.782051086425838, 26.04758262634283 ], [ 78.766418457031307, 26.022361755371207 ], [ 78.780166625976676, 26.015790939331168 ], [ 78.775360107421932, 25.970159530639705 ], [ 78.805023193359375, 25.943929672241154 ], [ 78.830566406249943, 25.949949264526595 ], [ 78.855216979980639, 25.912570953369254 ], [ 78.876380920410327, 25.91566085815424 ], [ 78.887191772461222, 25.898971557617131 ], [ 78.882682800293139, 25.870269775390852 ], [ 78.846626281738452, 25.860500335693473 ], [ 78.846221923828125, 25.838760375976562 ], [ 78.865753173828182, 25.8343505859375 ], [ 78.861923217773494, 25.799198150634822 ], [ 78.811248779296989, 25.830120086670149 ], [ 78.800460815429858, 25.812879562378043 ], [ 78.822273254394588, 25.815227508544979 ], [ 78.820503234863452, 25.799400329589787 ], [ 78.799552917480526, 25.799360275268498 ], [ 78.775787353515909, 25.76149940490717 ], [ 78.746818542480753, 25.749090194702205 ], [ 78.811332702636889, 25.674480438232649 ], [ 78.805191040039347, 25.624557495117188 ], [ 78.677017211914347, 25.594100952148494 ], [ 78.64862060546875, 25.565639495849723 ], [ 78.608627319335994, 25.589080810546875 ], [ 78.581192016601619, 25.564308166503963 ], [ 78.486267089844034, 25.582229614257812 ], [ 78.449150085449389, 25.552740097045842 ], [ 78.437072753906534, 25.564350128173828 ], [ 78.447563171387003, 25.57958030700695 ], [ 78.456619262695369, 25.569129943847713 ], [ 78.460426330566463, 25.589740753173828 ], [ 78.437240600586222, 25.599821090698356 ], [ 78.390502929687784, 25.575740814209098 ], [ 78.403068542480526, 25.603410720825195 ], [ 78.381652832031307, 25.612808227539119 ], [ 78.368507385253963, 25.666120529174862 ], [ 78.328292846679744, 25.669309616088867 ], [ 78.300788879394588, 25.709808349609375 ], [ 78.276016235351619, 25.70685005187994 ], [ 78.253150939941463, 25.724359512329102 ], [ 78.240516662597713, 25.720069885253849 ], [ 78.242385864257983, 25.696720123291016 ], [ 78.209152221679631, 25.704589843750114 ], [ 78.221740722656193, 25.730831146240178 ], [ 78.273796081543253, 25.755500793457145 ], [ 78.273681640625171, 25.786399841308707 ], [ 78.314537048339901, 25.799459457397688 ], [ 78.317756652832088, 25.832780838012809 ], [ 78.382736206054688, 25.840850830078125 ], [ 78.383926391601733, 25.85951042175293 ], [ 78.463088989257813, 25.913700103759879 ], [ 78.477546691894702, 25.966909408569393 ], [ 78.533592224121037, 25.980220794677791 ], [ 78.600410461425952, 26.052919387817496 ], [ 78.638809204101619, 26.067560195922908 ], [ 78.633651733398494, 26.089200973510799 ], [ 78.600196838379077, 26.10465049743658 ], [ 78.604408264160327, 26.135192871093807 ], [ 78.643798828125284, 26.13037109375 ], [ 78.625343322753849, 26.169429779052791 ], [ 78.686462402343807, 26.170700073242244 ], [ 78.689857482910327, 26.220390319824219 ], [ 78.73404693603544, 26.231929779052734 ], [ 78.746757507324276, 26.269300460815543 ], [ 78.784179687500284, 26.294279098510856 ], [ 78.813667297363338, 26.290439605713004 ], [ 78.818901062012003, 26.269689559936637 ], [ 78.785011291504077, 26.236169815063533 ] ] ] } },
{ "type": "Feature", "properties": { "ID_0": 105, "ISO": "IND", "NAME_0": "India", "ID_1": 20, "NAME_1": "Madhya Pradesh", "ID_2": 270, "NAME_2": "Dewas", "NL_NAME_2": null, "VARNAME_2": null, "TYPE_2": "District", "ENGTYPE_2": "District" }, "geometry": { "type": "Polygon", "coordinates": [ [ [ 75.963996887207315, 23.307289123535156 ], [ 75.992111206054858, 23.27261924743658 ], [ 75.968986511230469, 23.252559661865291 ], [ 75.998306274414347, 23.250560760498047 ], [ 76.002372741699219, 23.211072921753043 ], [ 76.028488159179631, 23.183990478515682 ], [ 76.055137634277457, 23.104520797729492 ], [ 76.051261901855526, 23.081819534301871 ], [ 76.075447082519702, 23.052640914916992 ], [ 76.104660034179744, 23.060131072998161 ], [ 76.106460571289347, 23.083850860595703 ], [ 76.046310424804744, 23.146459579467773 ], [ 76.049346923828182, 23.182937622070313 ], [ 76.069938659667969, 23.165719985961971 ], [ 76.138298034668082, 23.196020126342717 ], [ 76.122329711914006, 23.213520050048771 ], [ 76.078598022461051, 23.195909500122184 ], [ 76.047958374023438, 23.206529617309627 ], [ 76.073989868164119, 23.213310241699276 ], [ 76.070922851562557, 23.240859985351676 ], [ 76.245216369629077, 23.216560363769588 ], [ 76.357017517089901, 23.234090805053768 ], [ 76.406806945800838, 23.220928192138786 ], [ 76.423416137695369, 23.194660186767578 ], [ 76.506378173828182, 23.182622909546012 ], [ 76.535766601562557, 23.132431030273438 ], [ 76.493309020996037, 23.110019683837891 ], [ 76.516265869140682, 23.091537475585881 ], [ 76.513641357421932, 23.076480865478743 ], [ 76.446861267089901, 23.090648651123161 ], [ 76.460021972656307, 23.07493972778326 ], [ 76.446823120117358, 23.027652740478743 ], [ 76.467697143554801, 23.003351211547852 ], [ 76.443916320800781, 22.989179611206282 ], [ 76.471092224121151, 22.973680496215934 ], [ 76.449409484863565, 22.932260513305721 ], [ 76.462181091308878, 22.905130386352596 ], [ 76.496078491210994, 22.895830154419002 ], [ 76.518173217773494, 22.865291595458984 ], [ 76.520347595215128, 22.807928085327148 ], [ 76.557487487793026, 22.790330886841048 ], [ 76.549278259277401, 22.776521682739258 ], [ 76.566169738769474, 22.77838134765625 ], [ 76.564079284667969, 22.764299392700138 ], [ 76.639678955078182, 22.809049606323242 ], [ 76.65277099609375, 22.788511276245174 ], [ 76.700302124023608, 22.796712875366268 ], [ 76.690612792968807, 22.824911117553711 ], [ 76.766487121582202, 22.820671081543082 ], [ 76.759590148925781, 22.828371047973576 ], [ 76.786659240722599, 22.837289810180778 ], [ 76.805259704589901, 22.866460800170898 ], [ 76.847030639648494, 22.870780944824446 ], [ 76.846328735351847, 22.884218215942496 ], [ 76.85929107666044, 22.872779846191349 ], [ 76.86100006103544, 22.889989852905501 ], [ 76.876289367676065, 22.876478195190487 ], [ 76.875000000000171, 22.895910263061751 ], [ 76.886093139648437, 22.884250640869197 ], [ 76.893997192383097, 22.893749237060604 ], [ 76.889495849609546, 22.875270843505916 ], [ 76.905982971191463, 22.882181167602539 ], [ 76.899826049804687, 22.866430282592717 ], [ 76.914787292480753, 22.873291015625114 ], [ 76.902893066406307, 22.836561203002987 ], [ 76.91861724853544, 22.831621170043888 ], [ 76.925926208496264, 22.879791259765739 ], [ 76.957382202148438, 22.866680145263899 ], [ 76.980895996093807, 22.883230209350586 ], [ 76.995697021484318, 22.875709533691463 ], [ 77.007286071777457, 22.79981994628929 ], [ 77.024108886719034, 22.77876091003418 ], [ 77.016448974609659, 22.740909576416016 ], [ 77.032630920410213, 22.735849380493278 ], [ 77.038627624511719, 22.709180831909407 ], [ 77.026596069335881, 22.693679809570256 ], [ 77.085083007812557, 22.656940460205192 ], [ 77.081626892089901, 22.629060745239201 ], [ 77.119071960449503, 22.602859497070426 ], [ 77.120346069335994, 22.562749862671012 ], [ 77.067413330078068, 22.515270233154297 ], [ 76.898345947265682, 22.489910125732422 ], [ 76.78704833984375, 22.431909561157227 ], [ 76.78076171875, 22.353389739990291 ], [ 76.741561889648494, 22.300359725952148 ], [ 76.721641540527514, 22.316410064697493 ], [ 76.678550720215014, 22.309030532836914 ], [ 76.654991149902457, 22.337800979614201 ], [ 76.652717590332315, 22.368471145629996 ], [ 76.622749328613338, 22.379571914672795 ], [ 76.60349273681652, 22.411279678344727 ], [ 76.508506774902457, 22.418291091918888 ], [ 76.444419860839957, 22.388660430908203 ], [ 76.446571350097599, 22.350290298461971 ], [ 76.32083892822294, 22.301610946655387 ], [ 76.251861572265796, 22.295721054077262 ], [ 76.205101013183537, 22.357112884521428 ], [ 76.221527099609375, 22.360111236572322 ], [ 76.236846923828182, 22.395732879638729 ], [ 76.214073181152287, 22.421361923218001 ], [ 76.104187011719034, 22.473840713500977 ], [ 76.085769653320312, 22.550580978393498 ], [ 76.105407714843921, 22.562982559204329 ], [ 76.063102722168026, 22.587560653686637 ], [ 76.088386535644531, 22.58683013916027 ], [ 76.082206726074276, 22.605989456176701 ], [ 76.113479614257869, 22.584131240844783 ], [ 76.118141174316406, 22.607130050659407 ], [ 76.143157958984546, 22.593271255493164 ], [ 76.142692565918253, 22.612350463867244 ], [ 76.166099548339901, 22.606170654296875 ], [ 76.1507568359375, 22.635061264038029 ], [ 76.187606811523608, 22.643028259277401 ], [ 76.170791625976563, 22.621170043945426 ], [ 76.187332153320597, 22.59974288940424 ], [ 76.198478698730639, 22.628299713134879 ], [ 76.228996276855639, 22.620370864868221 ], [ 76.243896484375057, 22.646839141845646 ], [ 76.226409912109489, 22.655670166015739 ], [ 76.224617004394702, 22.678390502929801 ], [ 76.188026428222713, 22.665670394897518 ], [ 76.201843261719034, 22.679479598999137 ], [ 76.18161773681669, 22.697128295898438 ], [ 76.102081298828409, 22.704570770263729 ], [ 76.032112121581974, 22.8467311859132 ], [ 75.983467102050724, 22.875419616699332 ], [ 75.965118408203409, 22.948038101196289 ], [ 75.899726867676065, 22.999410629272461 ], [ 75.90238189697294, 23.029079437255803 ], [ 75.962509155273438, 23.029060363769588 ], [ 75.990409851074276, 23.081899642944393 ], [ 75.930549621582088, 23.148178100586051 ], [ 75.946952819824276, 23.163330078125 ], [ 75.952941894531534, 23.214200973510742 ], [ 75.949371337890796, 23.229681015014705 ], [ 75.929702758789063, 23.230831146240348 ], [ 75.931472778320369, 23.298561096191406 ], [ 75.947219848633097, 23.323440551757926 ], [ 75.960456848144531, 23.325202941894474 ], [ 75.963996887207315, 23.307289123535156 ] ] ] } },
{ "type": "Feature", "properties": { "ID_0": 105, "ISO": "IND", "NAME_0": "India", "ID_1": 20, "NAME_1": "Madhya Pradesh", "ID_2": 271, "NAME_2": "Dhar", "NL_NAME_2": null, "VARNAME_2": null, "TYPE_2": "District", "ENGTYPE_2": "District" }, "geometry": { "type": "Polygon", "coordinates": [ [ [ 75.306060791015682, 23.113391876220646 ], [ 75.319290161133097, 23.112142562866211 ], [ 75.328056335449332, 23.073921203613338 ], [ 75.349617004394815, 23.072299957275447 ], [ 75.338439941406421, 23.046358108520621 ], [ 75.304450988769474, 23.045549392700252 ], [ 75.30307769775419, 22.998250961303711 ], [ 75.327621459960994, 22.985031127929915 ], [ 75.325988769531534, 22.960138320922965 ], [ 75.305198669433878, 22.95635986328125 ], [ 75.334007263183878, 22.87750053405756 ], [ 75.332015991210994, 22.84188270568859 ], [ 75.356452941894588, 22.83739280700695 ], [ 75.374496459961108, 22.871360778808651 ], [ 75.441047668457202, 22.871629714965934 ], [ 75.423217773437557, 22.830720901489258 ], [ 75.437232971191577, 22.776439666748104 ], [ 75.481033325195597, 22.772638320922965 ], [ 75.479148864746378, 22.736980438232649 ], [ 75.508872985839957, 22.734111785888899 ], [ 75.515312194824276, 22.710081100463867 ], [ 75.520088195800838, 22.667390823364201 ], [ 75.495796203613452, 22.647590637207088 ], [ 75.521865844726847, 22.660661697387752 ], [ 75.536369323730753, 22.635150909423885 ], [ 75.582015991211108, 22.66209983825695 ], [ 75.604118347167969, 22.636289596557674 ], [ 75.694091796875284, 22.630258560180664 ], [ 75.702819824218807, 22.649209976196346 ], [ 75.684906005859432, 22.640159606933651 ], [ 75.683357238769588, 22.660310745239371 ], [ 75.705787658691577, 22.664670944213867 ], [ 75.712768554687614, 22.638719558715877 ], [ 75.678253173828409, 22.583820343017805 ], [ 75.631797790527514, 22.562770843505859 ], [ 75.596466064453068, 22.570341110229549 ], [ 75.598213195800952, 22.526290893554744 ], [ 75.558067321777401, 22.516769409179915 ], [ 75.571823120117472, 22.456140518188533 ], [ 75.545349121093693, 22.413328170776424 ], [ 75.559112548828296, 22.377809524536246 ], [ 75.536437988281421, 22.360450744628849 ], [ 75.525558471679858, 22.375770568847656 ], [ 75.505538940429858, 22.372051239013672 ], [ 75.508956909179858, 22.343059539794922 ], [ 75.491981506347827, 22.330600738525334 ], [ 75.508438110351619, 22.32439041137701 ], [ 75.533721923828068, 22.267650604248161 ], [ 75.535842895507983, 22.228771209716797 ], [ 75.510559082031307, 22.164140701294002 ], [ 75.245758056640796, 22.126510620117244 ], [ 75.190582275390568, 22.105680465698299 ], [ 74.906616210937671, 22.084600448608342 ], [ 74.832122802734432, 22.062280654907283 ], [ 74.780563354492358, 22.079269409179801 ], [ 74.678558349609432, 22.035909652710018 ], [ 74.590187072754077, 22.022680282592773 ], [ 74.557243347168026, 22.027620315551871 ], [ 74.538230895996378, 22.050800323486271 ], [ 74.506080627441577, 22.04644966125494 ], [ 74.495986938476733, 22.065420150756893 ], [ 74.517257690429972, 22.101930618286133 ], [ 74.481185913086051, 22.096330642700138 ], [ 74.474578857421875, 22.11248970031744 ], [ 74.542076110840128, 22.119489669799918 ], [ 74.499336242676065, 22.169370651245174 ], [ 74.515968322753906, 22.221361160278377 ], [ 74.544288635253963, 22.238901138305721 ], [ 74.561782836914233, 22.220621109008846 ], [ 74.564872741699276, 22.244510650634822 ], [ 74.592041015625284, 22.243780136108626 ], [ 74.604057312012003, 22.270458221435604 ], [ 74.649513244629077, 22.274620056152287 ], [ 74.666221618652628, 22.306209564208984 ], [ 74.635528564453409, 22.312580108642635 ], [ 74.624649047851847, 22.344900131225643 ], [ 74.63474273681669, 22.364559173583928 ], [ 74.693443298339901, 22.367280960083235 ], [ 74.693450927734432, 22.415769577026367 ], [ 74.72574615478544, 22.439592361450252 ], [ 74.748703002929858, 22.436740875244197 ], [ 74.709815979003963, 22.479669570922965 ], [ 74.728523254394588, 22.505641937255916 ], [ 74.719970703125057, 22.53306961059576 ], [ 74.732826232910099, 22.554819107055778 ], [ 74.784248352050838, 22.581420898437557 ], [ 74.797943115234432, 22.659828186035384 ], [ 74.766471862793026, 22.749849319458008 ], [ 74.794563293457145, 22.762451171875057 ], [ 74.896751403808651, 22.750410079956168 ], [ 74.987136840820312, 22.868400573730469 ], [ 75.008750915527401, 22.94343185424799 ], [ 75.009819030761889, 23.113840103149471 ], [ 75.110221862793026, 23.116609573364258 ], [ 75.232406616211108, 23.090431213378906 ], [ 75.246536254882812, 23.139680862426758 ], [ 75.301933288574503, 23.13219070434576 ], [ 75.306060791015682, 23.113391876220646 ] ] ] } },
{ "type": "Feature", "properties": { "ID_0": 105, "ISO": "IND", "NAME_0": "India", "ID_1": 20, "NAME_1": "Madhya Pradesh", "ID_2": 272, "NAME_2": "Dindori", "NL_NAME_2": null, "VARNAME_2": null, "TYPE_2": "District", "ENGTYPE_2": "District" }, "geometry": { "type": "Polygon", "coordinates": [ [ [ 81.117561340332088, 23.217821121215934 ], [ 81.153732299804688, 23.166690826416072 ], [ 81.185066223144531, 23.167360305786133 ], [ 81.174621582031307, 23.154661178588867 ], [ 81.187568664550838, 23.131282806396598 ], [ 81.207550048828125, 23.139499664306754 ], [ 81.206436157226619, 23.118701934814567 ], [ 81.23551177978527, 23.110258102416992 ], [ 81.256278991699332, 23.070970535278434 ], [ 81.247856140136776, 23.054229736328125 ], [ 81.224212646484432, 23.05908012390131 ], [ 81.203132629394531, 23.017240524292049 ], [ 81.181396484375, 22.951971054077205 ], [ 81.191741943359375, 22.914381027221737 ], [ 81.353439331054688, 22.849910736084041 ], [ 81.398971557617301, 22.851390838623104 ], [ 81.468818664550724, 22.759679794311523 ], [ 81.502128601074276, 22.76450157165533 ], [ 81.522537231445369, 22.750850677490234 ], [ 81.589706420898551, 22.758060455322266 ], [ 81.63861083984375, 22.784179687500057 ], [ 81.684898376464957, 22.779100418090877 ], [ 81.696533203125114, 22.746099472045898 ], [ 81.686996459961051, 22.713439941406307 ], [ 81.731826782226676, 22.68910026550293 ], [ 81.707015991211051, 22.649641036987362 ], [ 81.656547546386719, 22.632001876831168 ], [ 81.641387939453239, 22.607540130615348 ], [ 81.648689270019531, 22.568950653076229 ], [ 81.623573303222713, 22.564277648925838 ], [ 81.615791320800838, 22.539020538330135 ], [ 81.563056945800781, 22.551008224487305 ], [ 81.556930541992131, 22.532161712646598 ], [ 81.519065856933651, 22.539981842041129 ], [ 81.479858398437614, 22.493310928344727 ], [ 81.438056945800895, 22.493940353393555 ], [ 81.448028564453068, 22.467390060424918 ], [ 81.4244384765625, 22.479238510131779 ], [ 81.418930053710994, 22.454219818115234 ], [ 81.396553039550781, 22.441320419311523 ], [ 81.378738403320426, 22.505300521850643 ], [ 81.32293701171875, 22.524330139160156 ], [ 81.315910339355469, 22.489709854126033 ], [ 81.260452270507869, 22.493560791015739 ], [ 81.255516052246207, 22.472482681274414 ], [ 81.223556518554688, 22.451608657836971 ], [ 81.194190979003906, 22.462080001830998 ], [ 81.18686676025402, 22.48921012878418 ], [ 81.170661926269645, 22.488000869751033 ], [ 81.148078918457088, 22.455850601196403 ], [ 81.10491943359375, 22.432790756225643 ], [ 81.113845825195426, 22.294380187988338 ], [ 81.084678649902287, 22.246749877929801 ], [ 81.040435791015625, 22.240570068359432 ], [ 80.992866516113338, 22.288669586181641 ], [ 80.909095764160213, 22.278760910034293 ], [ 80.902519226074162, 22.317739486694336 ], [ 80.924797058105582, 22.327400207519588 ], [ 80.899826049804801, 22.342000961303768 ], [ 80.874046325683707, 22.334848403930721 ], [ 80.906669616699332, 22.391401290893612 ], [ 80.863403320312614, 22.436729431152457 ], [ 80.96848297119152, 22.521202087402457 ], [ 80.972869873046989, 22.542039871215934 ], [ 80.955886840820426, 22.560060501098633 ], [ 80.939796447753963, 22.555770874023381 ], [ 80.928787231445426, 22.585489273071346 ], [ 80.958496093750057, 22.591171264648494 ], [ 80.951187133789063, 22.60247993469244 ], [ 80.986671447753906, 22.615459442138729 ], [ 80.999252319335938, 22.637430191040153 ], [ 80.950431823730469, 22.639320373535099 ], [ 80.9361572265625, 22.67527961730957 ], [ 80.917503356933651, 22.682210922241211 ], [ 80.910423278808651, 22.71239089965826 ], [ 80.933891296386776, 22.745519638061523 ], [ 80.863426208496037, 22.759330749511719 ], [ 80.863906860351619, 22.806350708007926 ], [ 80.847335815429744, 22.81024169921875 ], [ 80.864738464355582, 22.849969863891602 ], [ 80.827621459960937, 22.851030349731559 ], [ 80.784416198730582, 22.819530487060547 ], [ 80.724670410156307, 22.814140319824276 ], [ 80.726486206054688, 22.859380722045842 ], [ 80.647827148437557, 22.838979721069336 ], [ 80.566497802734375, 22.870321273803768 ], [ 80.579078674316406, 22.962112426757869 ], [ 80.518203735351563, 23.080614089965877 ], [ 80.520950317382869, 23.107601165771541 ], [ 80.574127197265625, 23.139560699462891 ], [ 80.545150756835938, 23.169509887695426 ], [ 80.515792846679744, 23.158781051635856 ], [ 80.472892761230526, 23.200210571289176 ], [ 80.495620727539119, 23.205240249633903 ], [ 80.516471862792912, 23.259201049804631 ], [ 80.575767517089957, 23.28667068481451 ], [ 80.566871643066406, 23.35398101806652 ], [ 80.694389343261832, 23.373081207275447 ], [ 80.752693176269588, 23.343820571899471 ], [ 80.709953308105526, 23.282499313354549 ], [ 80.755477905273438, 23.22154808044445 ], [ 80.781890869140682, 23.224519729614371 ], [ 80.786148071289176, 23.251791000366268 ], [ 80.801017761230582, 23.25471115112299 ], [ 80.855293273925838, 23.223659515380859 ], [ 80.934509277343864, 23.290742874145508 ], [ 81.026298522949332, 23.208639144897461 ], [ 81.060516357421875, 23.195989608764762 ], [ 81.117561340332088, 23.217821121215934 ] ] ] } },
{ "type": "Feature", "properties": { "ID_0": 105, "ISO": "IND", "NAME_0": "India", "ID_1": 20, "NAME_1": "Madhya Pradesh", "ID_2": 273, "NAME_2": "East Nimar", "NL_NAME_2": null, "VARNAME_2": "Khandwa", "TYPE_2": "District", "ENGTYPE_2": "District" }, "geometry": { "type": "Polygon", "coordinates": [ [ [ 76.553909301757926, 22.406129837036133 ], [ 76.60349273681652, 22.411279678344727 ], [ 76.622749328613338, 22.379571914672795 ], [ 76.652717590332315, 22.368471145629996 ], [ 76.654991149902457, 22.337800979614201 ], [ 76.683715820312671, 22.305221557617244 ], [ 76.716186523437557, 22.316869735717887 ], [ 76.741561889648494, 22.300359725952148 ], [ 76.779739379882926, 22.350530624389648 ], [ 76.815650939941349, 22.342679977416935 ], [ 76.821311950683707, 22.321229934692383 ], [ 76.850608825683764, 22.335819244384766 ], [ 76.892036437988338, 22.302461624145565 ], [ 76.841873168945369, 22.26095008850092 ], [ 76.853607177734318, 22.255861282348633 ], [ 76.836029052734659, 22.20038032531744 ], [ 76.8448486328125, 22.179761886596793 ], [ 76.825630187988281, 22.164470672607365 ], [ 76.836257934570313, 22.134660720825309 ], [ 76.864822387695597, 22.139789581299055 ], [ 76.871101379394645, 22.122640609741268 ], [ 76.852043151855753, 22.110710144043026 ], [ 76.840415954590128, 22.061971664428711 ], [ 76.878128051757869, 21.99442291259777 ], [ 76.900161743164063, 21.991649627685661 ], [ 76.903068542480469, 22.01476097106945 ], [ 76.932296752929744, 21.993940353393612 ], [ 76.947837829589844, 22.010890960693473 ], [ 76.976036071777628, 22.009550094604549 ], [ 76.99759674072294, 21.984220504760799 ], [ 77.025238037109659, 21.994728088379134 ], [ 77.15128326416027, 21.986812591552962 ], [ 77.218696594238452, 21.917119979858512 ], [ 77.198883056640796, 21.878520965576286 ], [ 77.209053039550838, 21.87006950378418 ], [ 77.175292968750057, 21.873270034790096 ], [ 77.159957885742358, 21.859170913696516 ], [ 77.167526245117472, 21.81046104431158 ], [ 77.194641113281193, 21.791139602661246 ], [ 77.121482849121151, 21.777179718017635 ], [ 77.097709655762003, 21.788709640502987 ], [ 77.104492187500057, 21.779319763183594 ], [ 77.070518493652514, 21.761770248413143 ], [ 77.071556091308707, 21.732481002807731 ], [ 77.056190490722827, 21.735870361328125 ], [ 77.059486389160213, 21.709400177001953 ], [ 76.997276306152514, 21.681610107421989 ], [ 76.901123046875171, 21.600809097289982 ], [ 76.852149963378963, 21.615030288696516 ], [ 76.833549499512003, 21.5930690765382 ], [ 76.795349121093807, 21.597539901733398 ], [ 76.780242919921932, 21.562467575073299 ], [ 76.762496948242187, 21.556480407714957 ], [ 76.742782592773381, 21.578559875488338 ], [ 76.707740783691577, 21.561750411987418 ], [ 76.615867614746151, 21.57592964172386 ], [ 76.510772705078182, 21.563560485839787 ], [ 76.438140869140909, 21.596990585327205 ], [ 76.422019958496264, 21.586860656738281 ], [ 76.417861938476619, 21.60007286071783 ], [ 76.375236511230412, 21.598350524902344 ], [ 76.354019165039176, 21.568309783935547 ], [ 76.293876647949276, 21.578069686889648 ], [ 76.28958892822294, 21.596099853515852 ], [ 76.212829589843807, 21.571100234985352 ], [ 76.177375793457088, 21.543230056762695 ], [ 76.12784576416044, 21.59608078002924 ], [ 76.078788757324332, 21.574558258056641 ], [ 76.07364654541044, 21.663759231567326 ], [ 76.108245849609546, 21.691249847412223 ], [ 76.161956787109659, 21.675428390503043 ], [ 76.174369812012003, 21.688739776611442 ], [ 76.154441833496151, 21.734428405761832 ], [ 76.117813110351562, 21.72301101684576 ], [ 76.102470397949503, 21.740591049194336 ], [ 76.126213073730526, 21.755582809448185 ], [ 76.096015930175781, 21.771690368652344 ], [ 76.110961914062557, 21.795442581176815 ], [ 76.103042602539347, 21.850070953369197 ], [ 76.170227050781421, 21.888099670410213 ], [ 76.151298522949503, 21.948289871215934 ], [ 76.159492492676065, 21.969589233398551 ], [ 76.145759582519815, 21.981729507446289 ], [ 76.168479919433537, 22.004432678222713 ], [ 76.160957336425838, 22.035749435424918 ], [ 76.199737548828409, 22.041519165039176 ], [ 76.233749389648608, 22.077730178833065 ], [ 76.227462768554858, 22.102750778198242 ], [ 76.183227539062671, 22.124702453613224 ], [ 76.142456054687557, 22.100250244140739 ], [ 76.164787292480526, 22.080150604248161 ], [ 76.155990600585994, 22.063180923461914 ], [ 76.105850219726619, 22.056770324707145 ], [ 76.103691101074389, 22.093111038208008 ], [ 76.145393371582315, 22.112649917602766 ], [ 76.126197814941577, 22.167490005493107 ], [ 76.155616760253963, 22.179819107055721 ], [ 76.163436889648494, 22.207220077514762 ], [ 76.107696533203296, 22.214519500732422 ], [ 76.098297119140568, 22.192480087280501 ], [ 76.077445983886832, 22.189289093017578 ], [ 76.031883239746378, 22.199470520019474 ], [ 76.023200988769702, 22.217002868652457 ], [ 76.116043090820313, 22.257118225097656 ], [ 76.166366577148722, 22.262601852416992 ], [ 76.212196350097827, 22.332620620727653 ], [ 76.251861572265796, 22.295721054077262 ], [ 76.32083892822294, 22.301610946655387 ], [ 76.446571350097599, 22.350290298461971 ], [ 76.444419860839957, 22.388660430908203 ], [ 76.478858947754077, 22.408372879028263 ], [ 76.508506774902457, 22.418291091918888 ], [ 76.553909301757926, 22.406129837036133 ] ] ] } },
{ "type": "Feature", "properties": { "ID_0": 105, "ISO": "IND", "NAME_0": "India", "ID_1": 20, "NAME_1": "Madhya Pradesh", "ID_2": 274, "NAME_2": "Guna", "NL_NAME_2": null, "VARNAME_2": "Goona", "TYPE_2": "District", "ENGTYPE_2": "District" }, "geometry": { "type": "Polygon", "coordinates": [ [ [ 77.275566101074389, 25.112131118774471 ], [ 77.310699462890682, 25.071271896362418 ], [ 77.367286682129077, 24.929008483886776 ], [ 77.415641784668082, 24.950170516967887 ], [ 77.456047058105526, 24.931680679321289 ], [ 77.474761962890682, 24.879142761230469 ], [ 77.557266235351733, 24.875972747802678 ], [ 77.515098571777514, 24.836050033569393 ], [ 77.549118041992244, 24.741291046142692 ], [ 77.476776123047046, 24.636940002441406 ], [ 77.470520019531307, 24.592641830444336 ], [ 77.492660522460994, 24.473720550537109 ], [ 77.470756530761776, 24.469169616699332 ], [ 77.471290588378963, 24.437400817871094 ], [ 77.586128234863338, 24.378730773926009 ], [ 77.629081726074332, 24.432340621948356 ], [ 77.649307250976847, 24.425050735473633 ], [ 77.650360107422046, 24.407560348510685 ], [ 77.676422119140909, 24.405221939086914 ], [ 77.730369567871378, 24.433570861816406 ], [ 77.716262817383097, 24.392681121826172 ], [ 77.688667297363452, 24.396280288696289 ], [ 77.616699218750284, 24.355121612548828 ], [ 77.614891052246094, 24.336429595947266 ], [ 77.643722534179744, 24.319679260253849 ], [ 77.593307495117358, 24.302150726318587 ], [ 77.588966369628963, 24.273601531982536 ], [ 77.548522949218807, 24.253190994262695 ], [ 77.499076843261889, 24.258230209350529 ], [ 77.486961364746151, 24.280862808227539 ], [ 77.446502685546932, 24.244501113891829 ], [ 77.429176330566463, 24.246419906616211 ], [ 77.394386291504077, 24.283702850341911 ], [ 77.404121398925952, 24.331960678100643 ], [ 77.349822998046932, 24.347909927368278 ], [ 77.318077087402514, 24.289550781249943 ], [ 77.346839904785099, 24.221071243286246 ], [ 77.327377319336222, 24.219280242919922 ], [ 77.339706420898494, 24.187400817871151 ], [ 77.298255920410327, 24.170930862426871 ], [ 77.308761596679688, 24.155380249023665 ], [ 77.284126281738452, 24.129110336303711 ], [ 77.29361724853544, 24.092870712280273 ], [ 77.2554931640625, 24.060501098632813 ], [ 77.290733337402628, 24.047599792480526 ], [ 77.275062561035213, 24.028890609741268 ], [ 77.307182312011719, 24.016229629516715 ], [ 77.289916992187557, 24.003999710083065 ], [ 77.308586120605526, 23.988540649414176 ], [ 77.291023254394531, 23.979589462280273 ], [ 77.302177429199503, 23.952390670776595 ], [ 77.292236328125114, 23.935010910034237 ], [ 77.318252563476563, 23.915580749511719 ], [ 77.315330505371378, 23.889640808105469 ], [ 77.182022094726847, 23.902370452881087 ], [ 77.178108215332031, 23.939590454101563 ], [ 77.159729003906193, 23.95298957824707 ], [ 77.184143066406193, 24.009199142456112 ], [ 77.178146362304744, 24.086879730224723 ], [ 77.024826049804801, 24.086891174316463 ], [ 76.997718811035213, 24.06151008605957 ], [ 76.964546203613338, 24.055820465087891 ], [ 76.944839477539062, 24.083831787109432 ], [ 76.88675689697294, 24.108650207519759 ], [ 76.877586364746207, 24.134929656982536 ], [ 76.89994049072294, 24.131111145019531 ], [ 76.916137695312784, 24.188720703125 ], [ 76.933166503906421, 24.186870574951172 ], [ 76.944442749023608, 24.206291198730526 ], [ 76.874198913574162, 24.271089553832951 ], [ 76.840179443359432, 24.338720321655217 ], [ 76.836967468262003, 24.360708236694336 ], [ 76.852317810058764, 24.374868392944563 ], [ 76.83587646484375, 24.416570663452148 ], [ 76.851097106933878, 24.435390472412109 ], [ 76.837882995605526, 24.450588226318473 ], [ 76.851325988769531, 24.469108581543026 ], [ 76.814590454101619, 24.534370422363509 ], [ 76.866203308105469, 24.549360275268612 ], [ 76.879547119140568, 24.525310516357649 ], [ 76.912872314453239, 24.543569564819279 ], [ 76.914649963378906, 24.487659454345703 ], [ 76.965316772461051, 24.460861206054688 ], [ 77.001525878906307, 24.477899551391602 ], [ 77.031951904296875, 24.528799057006893 ], [ 77.050308227539233, 24.526531219482365 ], [ 77.064338684082315, 24.564121246337834 ], [ 77.060287475585994, 24.637702941894531 ], [ 77.033462524414006, 24.702949523925838 ], [ 76.971977233886776, 24.731670379638729 ], [ 76.963302612304858, 24.759550094604549 ], [ 76.847297668457315, 24.750400543212947 ], [ 76.800666809082088, 24.824560165405273 ], [ 76.831649780273722, 24.840242385864201 ], [ 76.895042419433764, 24.839509963989258 ], [ 76.948921203613395, 24.872869491577376 ], [ 76.91385650634794, 24.887880325317496 ], [ 76.923530578613338, 24.914260864257813 ], [ 76.891227722168139, 24.91967964172369 ], [ 76.867279052734489, 24.96544075012207 ], [ 76.868057250976847, 25.001369476318416 ], [ 76.85434722900419, 25.010311126708984 ], [ 76.874488830566463, 25.013111114501896 ], [ 76.882026672363224, 25.034099578857422 ], [ 76.953498840332145, 25.048458099365234 ], [ 76.993728637695369, 25.079950332641715 ], [ 77.077232360839901, 25.057989120483398 ], [ 77.140167236328182, 25.096200942993278 ], [ 77.157707214355526, 25.088279724121151 ], [ 77.169578552246151, 25.113719940185774 ], [ 77.275566101074389, 25.112131118774471 ] ] ] } },
{ "type": "Feature", "properties": { "ID_0": 105, "ISO": "IND", "NAME_0": "India", "ID_1": 20, "NAME_1": "Madhya Pradesh", "ID_2": 275, "NAME_2": "Gwalior", "NL_NAME_2": null, "VARNAME_2": "Gird, Gird Gwalior", "TYPE_2": "District", "ENGTYPE_2": "District" }, "geometry": { "type": "Polygon", "coordinates": [ [ [ 78.335838317871264, 26.3497829437257 ], [ 78.410720825195597, 26.337120056152344 ], [ 78.407882690429972, 26.302312850952262 ], [ 78.436256408691463, 26.265329360962141 ], [ 78.46280670166044, 26.254127502441349 ], [ 78.4744873046875, 26.27128982543968 ], [ 78.491287231445483, 26.267230987548828 ], [ 78.538726806640909, 26.197401046753043 ], [ 78.575767517089844, 26.220239639282227 ], [ 78.602546691894588, 26.200202941894531 ], [ 78.607872009277401, 26.224260330200195 ], [ 78.617813110351619, 26.166822433471907 ], [ 78.643798828125284, 26.13037109375 ], [ 78.604408264160327, 26.135192871093807 ], [ 78.600196838379077, 26.10465049743658 ], [ 78.633651733398494, 26.089200973510799 ], [ 78.638809204101619, 26.067560195922908 ], [ 78.600410461425952, 26.052919387817496 ], [ 78.533592224121037, 25.980220794677791 ], [ 78.477546691894702, 25.966909408569393 ], [ 78.463088989257813, 25.913700103759879 ], [ 78.383926391601733, 25.85951042175293 ], [ 78.382736206054688, 25.840850830078125 ], [ 78.324516296387003, 25.837562561035099 ], [ 78.314537048339901, 25.799459457397688 ], [ 78.256881713867358, 25.784860610961971 ], [ 78.206901550293139, 25.743980407714901 ], [ 78.170227050781534, 25.743579864502067 ], [ 78.151588439941577, 25.724170684814396 ], [ 78.046531677246151, 25.716091156005916 ], [ 77.988792419433651, 25.74579048156744 ], [ 77.993209838867472, 25.770709991455021 ], [ 77.871803283691577, 25.743721008300724 ], [ 77.855957031250171, 25.81443023681652 ], [ 77.795982360840128, 25.825700759887752 ], [ 77.775779724121378, 25.861101150512695 ], [ 77.741828918457315, 25.8662109375 ], [ 77.738578796387003, 25.887670516967717 ], [ 77.696197509765682, 25.885900497436637 ], [ 77.670097351074503, 25.921510696411246 ], [ 77.665283203125057, 25.984909057617415 ], [ 77.722640991211108, 26.055168151855582 ], [ 77.753646850586222, 26.045860290527344 ], [ 77.768867492675838, 26.059602737426871 ], [ 77.754058837890568, 26.091550827026481 ], [ 77.764900207519815, 26.121669769287109 ], [ 77.734756469726847, 26.133991241455135 ], [ 77.736923217773608, 26.168970108032227 ], [ 77.807670593261719, 26.260900497436637 ], [ 77.836532592773494, 26.257368087768555 ], [ 77.829582214355753, 26.235790252685604 ], [ 77.85605621337902, 26.220041275024414 ], [ 77.904167175292912, 26.258779525756893 ], [ 77.943061828613565, 26.249700546264648 ], [ 77.951866149902344, 26.265319824218864 ], [ 77.986129760742301, 26.25005912780756 ], [ 77.981910705566463, 26.273530960083235 ], [ 78.003227233886719, 26.277959823608398 ], [ 77.997177124023494, 26.329570770263672 ], [ 78.057258605957088, 26.319240570068473 ], [ 78.06723785400419, 26.335399627685604 ], [ 78.137626647949162, 26.346900939941463 ], [ 78.221366882324162, 26.310462951660213 ], [ 78.251472473144815, 26.31912994384777 ], [ 78.249656677246094, 26.337951660156477 ], [ 78.277091979980639, 26.352079391479606 ], [ 78.335838317871264, 26.3497829437257 ] ] ] } },
{ "type": "Feature", "properties": { "ID_0": 105, "ISO": "IND", "NAME_0": "India", "ID_1": 20, "NAME_1": "Madhya Pradesh", "ID_2": 276, "NAME_2": "Harda", "NL_NAME_2": null, "VARNAME_2": null, "TYPE_2": "District", "ENGTYPE_2": "District" }, "geometry": { "type": "Polygon", "coordinates": [ [ [ 77.203651428222656, 22.571929931640739 ], [ 77.26220703125, 22.545291900634822 ], [ 77.240997314453125, 22.529140472412223 ], [ 77.274009704589844, 22.504390716552734 ], [ 77.283500671386832, 22.455751419067383 ], [ 77.272087097167969, 22.446609497070369 ], [ 77.30045318603527, 22.440240859985295 ], [ 77.307037353515625, 22.357139587402401 ], [ 77.350296020507813, 22.317390441894531 ], [ 77.359130859375057, 22.221149444580078 ], [ 77.412666320800781, 22.177692413330078 ], [ 77.462921142578182, 22.169998168945369 ], [ 77.451087951660213, 22.088130950927848 ], [ 77.499206542968864, 22.079231262207088 ], [ 77.494720458984375, 22.036159515380859 ], [ 77.393592834472656, 22.027660369873104 ], [ 77.391502380371094, 21.999309539794865 ], [ 77.272636413574332, 21.966760635376033 ], [ 77.243499755859375, 21.915159225463924 ], [ 77.215927124023494, 21.907859802246094 ], [ 77.203567504882926, 21.936729431152401 ], [ 77.133796691894474, 21.995550155639648 ], [ 76.99759674072277, 21.984220504760799 ], [ 76.976036071777457, 22.009550094604549 ], [ 76.947837829589844, 22.010890960693473 ], [ 76.932296752929744, 21.993940353393612 ], [ 76.903068542480469, 22.01476097106945 ], [ 76.902313232421932, 21.993669509887809 ], [ 76.88360595703125, 21.987699508667106 ], [ 76.840415954589957, 22.061971664428711 ], [ 76.866256713867187, 22.138250350952148 ], [ 76.836257934570313, 22.134660720825309 ], [ 76.825630187988281, 22.164470672607365 ], [ 76.8448486328125, 22.179761886596793 ], [ 76.836029052734489, 22.20038032531744 ], [ 76.853607177734318, 22.255861282348633 ], [ 76.841873168945369, 22.26095008850092 ], [ 76.892036437988338, 22.302461624145565 ], [ 76.850608825683594, 22.335819244384766 ], [ 76.821311950683707, 22.321229934692383 ], [ 76.815650939941349, 22.342679977416935 ], [ 76.779739379882926, 22.350530624389648 ], [ 76.78704833984375, 22.431909561157227 ], [ 76.898345947265682, 22.489910125732422 ], [ 77.067413330078068, 22.515270233154297 ], [ 77.149116516113281, 22.586299896240291 ], [ 77.203651428222656, 22.571929931640739 ] ] ] } },
{ "type": "Feature", "properties": { "ID_0": 105, "ISO": "IND", "NAME_0": "India", "ID_1": 20, "NAME_1": "Madhya Pradesh", "ID_2": 277, "NAME_2": "Hoshangabad", "NL_NAME_2": null, "VARNAME_2": null, "TYPE_2": "District", "ENGTYPE_2": "District" }, "geometry": { "type": "Polygon", "coordinates": [ [ [ 78.440910339355469, 22.981029510498047 ], [ 78.467376708984659, 22.985799789428825 ], [ 78.463241577148608, 22.961629867553711 ], [ 78.566192626953409, 22.958740234375114 ], [ 78.582626342773438, 22.913419723510742 ], [ 78.575736999512003, 22.885080337524414 ], [ 78.588638305664119, 22.882278442382926 ], [ 78.569442749023722, 22.869939804077205 ], [ 78.594650268554688, 22.850469589233398 ], [ 78.584648132324276, 22.818809509277344 ], [ 78.615737915039119, 22.82072830200201 ], [ 78.610527038574219, 22.80048942565918 ], [ 78.632171630859659, 22.800529479980469 ], [ 78.627372741699276, 22.762870788574332 ], [ 78.644248962402514, 22.783840179443359 ], [ 78.691581726074389, 22.766710281372127 ], [ 78.671173095703296, 22.728759765624943 ], [ 78.688026428222713, 22.710531234741268 ], [ 78.622161865234375, 22.680740356445313 ], [ 78.609306335449503, 22.654790878295955 ], [ 78.521697998046932, 22.668029785156477 ], [ 78.495376586914119, 22.640159606933651 ], [ 78.495697021484546, 22.595500946045036 ], [ 78.543136596679631, 22.534799575805778 ], [ 78.509292602539119, 22.482589721679688 ], [ 78.545883178710994, 22.45977973937994 ], [ 78.556129455566577, 22.425830841064453 ], [ 78.456108093261832, 22.382539749145735 ], [ 78.420166015625171, 22.385932922363509 ], [ 78.378028869628963, 22.421209335327262 ], [ 78.316116333008097, 22.427061080932674 ], [ 78.259483337402628, 22.399929046630916 ], [ 78.180877685546989, 22.399681091308651 ], [ 77.983818054199276, 22.320150375366325 ], [ 77.935836791992131, 22.336919784546012 ], [ 77.871353149414347, 22.28259086608881 ], [ 77.852836608887003, 22.283229827880916 ], [ 77.852531433105639, 22.358640670776481 ], [ 77.781112670898722, 22.330030441284293 ], [ 77.743240356445483, 22.347978591918945 ], [ 77.738693237304744, 22.32118034362793 ], [ 77.680107116699389, 22.325998306274414 ], [ 77.646408081054744, 22.309129714965877 ], [ 77.583000183105639, 22.34555816650402 ], [ 77.545982360839844, 22.341180801391658 ], [ 77.543312072753906, 22.359340667724666 ], [ 77.499641418457031, 22.315580368041935 ], [ 77.496879577636776, 22.283018112182617 ], [ 77.450096130371094, 22.252309799194336 ], [ 77.439743041992188, 22.221841812133732 ], [ 77.381980895996264, 22.229299545288143 ], [ 77.375976562500114, 22.25110054016119 ], [ 77.352470397949276, 22.252040863037109 ], [ 77.348159790039347, 22.322771072387695 ], [ 77.307037353515796, 22.357139587402401 ], [ 77.30045318603544, 22.440240859985295 ], [ 77.272087097167969, 22.446609497070369 ], [ 77.283500671387003, 22.455751419067383 ], [ 77.274009704590014, 22.504390716552734 ], [ 77.240997314453125, 22.529140472412223 ], [ 77.262207031250171, 22.545291900634993 ], [ 77.203437805175952, 22.568559646606559 ], [ 77.243682861328296, 22.603239059448242 ], [ 77.264038085937784, 22.611049652099609 ], [ 77.286506652832088, 22.569580078125057 ], [ 77.320716857910099, 22.566350936889762 ], [ 77.359329223632869, 22.613550186157283 ], [ 77.567726135253906, 22.672702789306868 ], [ 77.615036010742188, 22.745340347290096 ], [ 77.660758972168253, 22.734001159668026 ], [ 77.694198608398608, 22.766710281372127 ], [ 77.729980468750114, 22.758150100708121 ], [ 77.771232604980412, 22.790420532226563 ], [ 77.789466857910213, 22.834770202636832 ], [ 77.840461730956974, 22.865390777588004 ], [ 77.863861083984432, 22.858720779418945 ], [ 77.865753173828182, 22.822998046874943 ], [ 77.920806884765796, 22.848810195922852 ], [ 77.903762817383097, 22.805850982666072 ], [ 77.916267395019588, 22.762870788574332 ], [ 77.935333251953182, 22.772960662841797 ], [ 77.933898925781534, 22.80336952209484 ], [ 77.961135864257869, 22.819610595703125 ], [ 78.028549194335938, 22.805189132690543 ], [ 78.064163208008097, 22.815761566162166 ], [ 78.111007690429744, 22.794820785522688 ], [ 78.124137878418139, 22.83975982666027 ], [ 78.193412780761776, 22.894620895385856 ], [ 78.233932495117472, 22.870281219482479 ], [ 78.275451660156307, 22.871700286865348 ], [ 78.316581726074389, 22.919031143188477 ], [ 78.347808837890909, 22.922758102416992 ], [ 78.391197204589901, 22.965641021728572 ], [ 78.440910339355469, 22.981029510498047 ] ] ] } },
{ "type": "Feature", "properties": { "ID_0": 105, "ISO": "IND", "NAME_0": "India", "ID_1": 20, "NAME_1": "Madhya Pradesh", "ID_2": 278, "NAME_2": "Indore", "NL_NAME_2": null, "VARNAME_2": null, "TYPE_2": "District", "ENGTYPE_2": "District" }, "geometry": { "type": "Polygon", "coordinates": [ [ [ 75.607933044433594, 23.093389511108512 ], [ 75.628112792969034, 23.087150573730412 ], [ 75.618728637695426, 23.056560516357422 ], [ 75.641738891601562, 23.009290695190373 ], [ 75.649238586425838, 23.028631210327205 ], [ 75.729888916015682, 23.019880294800032 ], [ 75.736709594726733, 23.038629531860352 ], [ 75.872550964355526, 23.041700363159293 ], [ 75.912559509277514, 22.981758117675838 ], [ 75.965118408203409, 22.948038101196289 ], [ 75.983467102050724, 22.875419616699332 ], [ 76.032112121581974, 22.8467311859132 ], [ 76.102081298828409, 22.704570770263729 ], [ 76.18161773681669, 22.697128295898438 ], [ 76.201843261719034, 22.679479598999137 ], [ 76.191192626953125, 22.664449691772404 ], [ 76.224617004394702, 22.678390502929801 ], [ 76.226409912109489, 22.655670166015739 ], [ 76.243896484375057, 22.646839141845646 ], [ 76.232643127441463, 22.623460769653377 ], [ 76.198478698730639, 22.628299713134879 ], [ 76.187332153320597, 22.59974288940424 ], [ 76.170791625976563, 22.621170043945426 ], [ 76.187606811523608, 22.643028259277401 ], [ 76.1507568359375, 22.635061264038029 ], [ 76.166099548339901, 22.606170654296875 ], [ 76.142692565918253, 22.612350463867244 ], [ 76.143157958984546, 22.593271255493164 ], [ 76.108566284179972, 22.603309631347656 ], [ 76.113479614257869, 22.584131240844783 ], [ 76.082206726074276, 22.605989456176701 ], [ 76.088386535644531, 22.58683013916027 ], [ 76.063102722168026, 22.587560653686637 ], [ 76.105026245117358, 22.561939239502067 ], [ 76.078132629394702, 22.528789520263615 ], [ 76.030021667480469, 22.531940460205305 ], [ 76.027313232422159, 22.499111175537166 ], [ 76.054008483887003, 22.480949401855582 ], [ 76.057533264160327, 22.459199905395565 ], [ 76.034317016601619, 22.440160751342773 ], [ 76.012947082519588, 22.446559906005973 ], [ 76.009162902832145, 22.422990798950252 ], [ 75.968505859375057, 22.440719604492301 ], [ 75.912399291992244, 22.421150207519531 ], [ 75.908416748046932, 22.389501571655501 ], [ 75.855346679687671, 22.383670806884766 ], [ 75.827041625976847, 22.408290863037109 ], [ 75.780136108398722, 22.373001098632926 ], [ 75.720626831054972, 22.37211990356451 ], [ 75.652328491211222, 22.335622787475529 ], [ 75.639923095703409, 22.356878280639705 ], [ 75.601516723632869, 22.344280242919979 ], [ 75.608879089355469, 22.36527061462408 ], [ 75.564910888671932, 22.374670028686637 ], [ 75.545738220214787, 22.396511077881087 ], [ 75.571823120117472, 22.456140518188533 ], [ 75.556587219238565, 22.513160705566463 ], [ 75.598213195800952, 22.526290893554744 ], [ 75.596466064453068, 22.570341110229549 ], [ 75.631797790527514, 22.562770843505859 ], [ 75.678253173828409, 22.583820343017805 ], [ 75.713935852051065, 22.622320175170898 ], [ 75.705787658691577, 22.664670944213867 ], [ 75.683357238769588, 22.660310745239371 ], [ 75.684906005859432, 22.640159606933651 ], [ 75.702819824218807, 22.649209976196346 ], [ 75.694091796875284, 22.630258560180664 ], [ 75.604118347167969, 22.636289596557674 ], [ 75.582015991211108, 22.66209983825695 ], [ 75.536369323730753, 22.635150909423885 ], [ 75.521865844726847, 22.660661697387752 ], [ 75.495796203613452, 22.647590637207088 ], [ 75.520088195800838, 22.667390823364201 ], [ 75.508872985839957, 22.734111785888899 ], [ 75.479148864746378, 22.736980438232649 ], [ 75.481033325195597, 22.772638320922965 ], [ 75.437232971191577, 22.776439666748104 ], [ 75.423217773437557, 22.830720901489258 ], [ 75.443618774414119, 22.864900588989315 ], [ 75.440162658691463, 22.910699844360408 ], [ 75.478759765625284, 22.933492660522518 ], [ 75.455490112304972, 22.944797515869141 ], [ 75.488899230956974, 22.987119674682731 ], [ 75.475723266601847, 23.006580352783146 ], [ 75.489700317382983, 23.018190383911133 ], [ 75.507347106933707, 23.008449554443473 ], [ 75.521232604980526, 23.044071197509822 ], [ 75.569778442382813, 23.071300506591797 ], [ 75.566825866699276, 23.089399337768498 ], [ 75.607933044433594, 23.093389511108512 ] ] ] } },
{ "type": "Feature", "properties": { "ID_0": 105, "ISO": "IND", "NAME_0": "India", "ID_1": 20, "NAME_1": "Madhya Pradesh", "ID_2": 279, "NAME_2": "Jabalpur", "NL_NAME_2": null, "VARNAME_2": "Jubbulpore", "TYPE_2": "District", "ENGTYPE_2": "District" }, "geometry": { "type": "Polygon", "coordinates": [ [ [ 79.808921813964901, 23.46305084228527 ], [ 79.804611206054972, 23.442689895629996 ], [ 79.837562561035213, 23.448120117187557 ], [ 79.834396362304972, 23.424039840698299 ], [ 79.857467651367472, 23.418249130249023 ], [ 79.866546630859432, 23.366289138793945 ], [ 79.882629394531534, 23.363689422607422 ], [ 79.930007934570483, 23.404077529907227 ], [ 79.969963073730582, 23.349239349365462 ], [ 80.063957214355526, 23.349311828613338 ], [ 80.101142883300838, 23.319730758667049 ], [ 80.118721008300838, 23.342309951782283 ], [ 80.162330627441577, 23.302919387817326 ], [ 80.192832946777514, 23.337139129638672 ], [ 80.223136901855469, 23.340850830078125 ], [ 80.261512756347827, 23.321689605712891 ], [ 80.285850524902628, 23.362922668457145 ], [ 80.319847106933594, 23.304920196533203 ], [ 80.361488342285213, 23.308990478515568 ], [ 80.357872009277401, 23.329259872436751 ], [ 80.389167785644588, 23.350030899047795 ], [ 80.442680358886719, 23.345119476318303 ], [ 80.478668212890909, 23.392070770263672 ], [ 80.512550354003963, 23.379449844360352 ], [ 80.537162780761776, 23.392061233520508 ], [ 80.550521850585994, 23.379688262939453 ], [ 80.533317565918139, 23.359010696411076 ], [ 80.566871643066577, 23.35398101806652 ], [ 80.577011108398494, 23.289901733398381 ], [ 80.516471862792912, 23.259201049804631 ], [ 80.495620727539119, 23.205240249633903 ], [ 80.472892761230526, 23.200210571289176 ], [ 80.515792846679744, 23.158781051635856 ], [ 80.547897338867301, 23.168489456176758 ], [ 80.573402404785213, 23.133071899414176 ], [ 80.520950317382869, 23.107601165771541 ], [ 80.517822265625, 23.080480575561523 ], [ 80.503829956054801, 23.081819534301871 ], [ 80.504180908203182, 23.109050750732422 ], [ 80.453628540039119, 23.129129409790153 ], [ 80.451820373535099, 23.145900726318416 ], [ 80.420066833496151, 23.142950057983512 ], [ 80.401435852051065, 23.174589157104549 ], [ 80.302825927734659, 23.098739624023551 ], [ 80.267471313476619, 23.13125038146984 ], [ 80.270408630371378, 23.148660659790039 ], [ 80.181106567382926, 23.130720138549862 ], [ 80.173393249511889, 23.117820739746207 ], [ 80.197959899902344, 23.078620910644531 ], [ 80.17484283447294, 23.061548233032283 ], [ 80.180442810058764, 23.024919509887752 ], [ 80.154098510742188, 23.051799774169922 ], [ 80.106719970703239, 23.053449630737532 ], [ 80.096366882324276, 23.079860687255859 ], [ 79.988876342773722, 23.028110504150504 ], [ 80.000205993652514, 23.008211135864371 ], [ 79.986038208007756, 22.995521545410384 ], [ 80.005187988281307, 22.975492477417106 ], [ 79.945899963378963, 22.947099685669002 ], [ 79.965820312499943, 22.921960830688533 ], [ 79.957328796386776, 22.854690551757813 ], [ 79.901702880859659, 22.847629547119197 ], [ 79.893486022949332, 22.864959716796818 ], [ 79.837059020996378, 22.832099914550895 ], [ 79.805061340332202, 22.870258331298828 ], [ 79.760986328125, 22.84564018249506 ], [ 79.753898620605753, 22.859170913696346 ], [ 79.769981384277514, 22.880790710449162 ], [ 79.738311767578296, 22.902210235595817 ], [ 79.742446899414347, 22.919729232788143 ], [ 79.65567779541044, 22.924570083618164 ], [ 79.616600036621094, 22.956758499145508 ], [ 79.632766723633097, 22.98002815246582 ], [ 79.585289001465128, 23.024209976196403 ], [ 79.606666564941349, 23.106861114502067 ], [ 79.512886047363452, 23.144239425659407 ], [ 79.450225830078409, 23.097291946411246 ], [ 79.345123291015739, 23.108060836792106 ], [ 79.347442626953409, 23.140480041504134 ], [ 79.485069274902401, 23.259990692138729 ], [ 79.533203125000284, 23.263921737670842 ], [ 79.666282653808651, 23.337940216064453 ], [ 79.733108520508097, 23.436489105224553 ], [ 79.808921813964901, 23.46305084228527 ] ] ] } },
{ "type": "Feature", "properties": { "ID_0": 105, "ISO": "IND", "NAME_0": "India", "ID_1": 20, "NAME_1": "Madhya Pradesh", "ID_2": 280, "NAME_2": "Jhabua", "NL_NAME_2": null, "VARNAME_2": null, "TYPE_2": "District", "ENGTYPE_2": "District" }, "geometry": { "type": "Polygon", "coordinates": [ [ [ 74.792640686035213, 23.23583030700695 ], [ 74.768447875976847, 23.17913818359375 ], [ 74.803962707519474, 23.166179656982536 ], [ 74.781562805175838, 23.149971008300781 ], [ 74.811042785644531, 23.135860443115348 ], [ 74.886268615722713, 23.13754844665533 ], [ 74.926727294921932, 23.162059783935547 ], [ 74.990921020507983, 23.142131805420036 ], [ 74.992362976074332, 23.112159729003906 ], [ 75.009819030761889, 23.113840103149471 ], [ 75.008750915527401, 22.94343185424799 ], [ 74.987136840820312, 22.868400573730469 ], [ 74.896751403808651, 22.750410079956168 ], [ 74.794563293457145, 22.762451171875057 ], [ 74.766471862793026, 22.749849319458008 ], [ 74.797943115234432, 22.659828186035384 ], [ 74.784248352050838, 22.581420898437557 ], [ 74.732826232910099, 22.554819107055778 ], [ 74.719970703125057, 22.53306961059576 ], [ 74.728523254394588, 22.505641937255916 ], [ 74.709815979003963, 22.479669570922965 ], [ 74.748703002929858, 22.436740875244197 ], [ 74.72574615478544, 22.439592361450252 ], [ 74.693450927734432, 22.415769577026367 ], [ 74.693443298339901, 22.367280960083235 ], [ 74.63474273681669, 22.364559173583928 ], [ 74.624649047851847, 22.344900131225643 ], [ 74.635528564453409, 22.312580108642635 ], [ 74.666221618652628, 22.306209564208984 ], [ 74.649513244629077, 22.274620056152287 ], [ 74.604057312012003, 22.270458221435604 ], [ 74.592041015625284, 22.243780136108626 ], [ 74.564872741699276, 22.244510650634822 ], [ 74.561782836914233, 22.220621109008846 ], [ 74.544288635253963, 22.238901138305721 ], [ 74.515968322753906, 22.221361160278377 ], [ 74.499336242676065, 22.169370651245174 ], [ 74.542076110840128, 22.119489669799918 ], [ 74.474578857421875, 22.11248970031744 ], [ 74.481185913086051, 22.096330642700138 ], [ 74.517257690429972, 22.101930618286133 ], [ 74.495986938476733, 22.065420150756893 ], [ 74.506080627441577, 22.04644966125494 ], [ 74.388313293457315, 22.020179748535099 ], [ 74.354637145996264, 21.979198455810604 ], [ 74.302040100097713, 21.967439651489258 ], [ 74.290649414062614, 21.936059951782283 ], [ 74.188827514648722, 21.928222656250114 ], [ 74.146018981933651, 21.954059600830192 ], [ 74.153846740722713, 21.986419677734318 ], [ 74.100341796874943, 22.001592636108512 ], [ 74.097702026367358, 22.015459060668888 ], [ 74.180709838867187, 22.086601257324219 ], [ 74.154663085937784, 22.105501174926701 ], [ 74.130271911621378, 22.097709655761776 ], [ 74.122779846191463, 22.212900161743164 ], [ 74.075782775879077, 22.221878051757869 ], [ 74.091583251953125, 22.243700027465877 ], [ 74.059051513671932, 22.305410385131893 ], [ 74.071983337402514, 22.360240936279297 ], [ 74.099899291992244, 22.372978210449276 ], [ 74.134292602539006, 22.332330703735352 ], [ 74.191062927246151, 22.321929931640568 ], [ 74.206802368164233, 22.367620468139762 ], [ 74.227043151855639, 22.358539581298885 ], [ 74.225433349609659, 22.378200531006087 ], [ 74.245635986328239, 22.377531051635856 ], [ 74.257987976074276, 22.400030136108512 ], [ 74.294181823730639, 22.394468307495345 ], [ 74.254020690918082, 22.433059692382869 ], [ 74.204612731933651, 22.437171936035156 ], [ 74.190826416015682, 22.477880477905387 ], [ 74.186676025390682, 22.44415092468256 ], [ 74.161071777343807, 22.432159423828239 ], [ 74.144248962402514, 22.456710815429744 ], [ 74.123001098633097, 22.420810699463004 ], [ 74.105072021484659, 22.433410644531307 ], [ 74.103347778320426, 22.467830657959041 ], [ 74.078086853027514, 22.465642929077262 ], [ 74.085266113281534, 22.508518218994254 ], [ 74.058799743652514, 22.510549545288086 ], [ 74.037086486816406, 22.491510391235465 ], [ 74.042312622070426, 22.537189483642578 ], [ 74.078056335449389, 22.551628112792969 ], [ 74.153320312500114, 22.517419815063533 ], [ 74.195198059082202, 22.556869506836051 ], [ 74.190078735351619, 22.567401885986385 ], [ 74.213836669921818, 22.567440032959041 ], [ 74.265357971191577, 22.644830703735408 ], [ 74.384185791015796, 22.643569946289063 ], [ 74.403076171875171, 22.730709075927791 ], [ 74.439231872558707, 22.785551071166935 ], [ 74.439186096191463, 22.809440612792912 ], [ 74.464942932128963, 22.815080642700195 ], [ 74.47891998291044, 22.858640670776367 ], [ 74.451477050781534, 22.923999786376953 ], [ 74.400382995605469, 22.899379730224553 ], [ 74.362022399902628, 22.933090209960938 ], [ 74.341636657714844, 22.964691162109489 ], [ 74.370796203613565, 22.98005294799799 ], [ 74.322776794433764, 23.062690734863395 ], [ 74.391189575195597, 23.11199951171875 ], [ 74.467247009277401, 23.085258483886662 ], [ 74.512283325195426, 23.088830947876204 ], [ 74.542655944824162, 23.106901168823356 ], [ 74.545700073242472, 23.13207054138195 ], [ 74.608062744140909, 23.144821166992187 ], [ 74.669158935547046, 23.201490402221737 ], [ 74.715522766113452, 23.194669723510856 ], [ 74.745697021484432, 23.21211051940918 ], [ 74.747901916503906, 23.237920761108455 ], [ 74.792640686035213, 23.23583030700695 ] ] ] } },
{ "type": "Feature", "properties": { "ID_0": 105, "ISO": "IND", "NAME_0": "India", "ID_1": 20, "NAME_1": "Madhya Pradesh", "ID_2": 281, "NAME_2": "Katni", "NL_NAME_2": null, "VARNAME_2": null, "TYPE_2": "District", "ENGTYPE_2": "District" }, "geometry": { "type": "Polygon", "coordinates": [ [ [ 80.729347229003906, 24.109600067138615 ], [ 80.692718505859318, 24.093179702758789 ], [ 80.706886291504077, 24.072689056396712 ], [ 80.719139099121151, 24.082590103149471 ], [ 80.795051574707088, 24.067451477051009 ], [ 80.797676086425952, 24.043279647827148 ], [ 80.750785827636776, 24.032150268554744 ], [ 80.753639221191463, 23.99275016784668 ], [ 80.780082702636719, 23.972919464111385 ], [ 80.792022705078182, 23.974229812622298 ], [ 80.801811218261662, 24.019210815429744 ], [ 80.832786560058651, 24.028930664062557 ], [ 80.863059997558594, 24.08341026306158 ], [ 80.950569152832315, 24.069192886352596 ], [ 80.897880554199276, 24.041341781616325 ], [ 80.869293212890909, 23.971572875976676 ], [ 80.828025817871151, 23.955961227416992 ], [ 80.835105895996151, 23.910139083862248 ], [ 80.868316650390682, 23.906269073486271 ], [ 80.8548583984375, 23.880870819091911 ], [ 80.887016296386832, 23.863290786743278 ], [ 80.905761718749943, 23.78905105590826 ], [ 80.884452819824389, 23.768341064453125 ], [ 80.896697998046932, 23.684509277343864 ], [ 80.814163208007926, 23.671752929687443 ], [ 80.723098754882983, 23.73163032531744 ], [ 80.702941894531307, 23.763429641723633 ], [ 80.662567138672159, 23.671720504760685 ], [ 80.636138916015682, 23.651201248168888 ], [ 80.642471313476619, 23.636390686035384 ], [ 80.613906860351847, 23.614780426025504 ], [ 80.615242004394815, 23.594970703125057 ], [ 80.555007934570256, 23.56810188293457 ], [ 80.543830871582088, 23.545761108398494 ], [ 80.538597106933537, 23.495241165161133 ], [ 80.558036804199503, 23.469999313354549 ], [ 80.553466796875284, 23.442939758300781 ], [ 80.523719787597599, 23.418371200561637 ], [ 80.537162780761776, 23.392061233520508 ], [ 80.512550354003963, 23.379449844360352 ], [ 80.478668212890909, 23.392070770263672 ], [ 80.442680358886719, 23.345119476318303 ], [ 80.389167785644588, 23.350030899047795 ], [ 80.357872009277401, 23.329259872436751 ], [ 80.361488342285213, 23.308990478515568 ], [ 80.319847106933594, 23.304920196533203 ], [ 80.285850524902628, 23.362922668457145 ], [ 80.261512756347827, 23.321689605712891 ], [ 80.223136901855469, 23.340850830078125 ], [ 80.192832946777514, 23.337139129638672 ], [ 80.162330627441577, 23.302919387817326 ], [ 80.118721008300838, 23.342309951782283 ], [ 80.101142883300838, 23.319730758667049 ], [ 80.063957214355526, 23.349311828613338 ], [ 79.969963073730582, 23.349239349365462 ], [ 79.930007934570483, 23.404077529907227 ], [ 79.882629394531534, 23.363689422607422 ], [ 79.866546630859432, 23.366289138793945 ], [ 79.857467651367472, 23.418249130249023 ], [ 79.834396362304972, 23.424039840698299 ], [ 79.837562561035213, 23.448120117187557 ], [ 79.817321777343807, 23.435159683227539 ], [ 79.803649902343864, 23.444000244140739 ], [ 79.807792663574276, 23.46747016906744 ], [ 79.793395996093693, 23.466569900512638 ], [ 79.804809570312784, 23.5018310546875 ], [ 79.821617126465128, 23.515220642089844 ], [ 79.843795776367358, 23.508188247680664 ], [ 79.899063110351506, 23.584840774536076 ], [ 79.947082519531364, 23.623130798339787 ], [ 79.938072204589901, 23.640251159668082 ], [ 79.949317932128963, 23.659320831298828 ], [ 79.929679870605526, 23.680931091308594 ], [ 79.821159362793026, 23.700340270996207 ], [ 79.823219299316406, 23.769950866699332 ], [ 79.851097106933651, 23.794389724731502 ], [ 79.859176635742472, 23.832120895385685 ], [ 79.934730529785099, 23.832309722900391 ], [ 79.964027404785213, 23.865659713745231 ], [ 80.008949279785156, 23.980569839477653 ], [ 80.049819946289119, 23.996610641479549 ], [ 80.076812744140909, 23.979959487915096 ], [ 80.094406127929858, 23.986909866332951 ], [ 80.112091064453409, 23.956712722778434 ], [ 80.142906188964901, 23.943830490112362 ], [ 80.167938232421932, 24.003751754760856 ], [ 80.199111938476563, 23.99867057800293 ], [ 80.228530883789063, 23.97849082946783 ], [ 80.202987670898494, 23.979009628295898 ], [ 80.220756530761776, 23.953609466552734 ], [ 80.322402954101619, 23.914949417114371 ], [ 80.315208435058878, 23.933921813964901 ], [ 80.355438232421989, 23.973529815673885 ], [ 80.380577087402401, 23.968000411987362 ], [ 80.512237548828409, 24.019960403442383 ], [ 80.525627136230412, 24.033098220825195 ], [ 80.509178161621207, 24.052179336547852 ], [ 80.527801513671932, 24.071670532226619 ], [ 80.547416687011889, 24.057838439941406 ], [ 80.541450500488565, 24.036109924316406 ], [ 80.623428344726676, 24.081279754638899 ], [ 80.643829345703239, 24.052021026611328 ], [ 80.637901306152401, 24.094829559326229 ], [ 80.674522399902401, 24.080471038818359 ], [ 80.670356750488565, 24.112361907959212 ], [ 80.730590820312557, 24.138179779052848 ], [ 80.729347229003906, 24.109600067138615 ] ] ] } },
{ "type": "Feature", "properties": { "ID_0": 105, "ISO": "IND", "NAME_0": "India", "ID_1": 20, "NAME_1": "Madhya Pradesh", "ID_2": 282, "NAME_2": "Mandla", "NL_NAME_2": null, "VARNAME_2": null, "TYPE_2": "District", "ENGTYPE_2": "District" }, "geometry": { "type": "MultiPolygon", "coordinates": [ [ [ [ 80.885185241699389, 22.349702835083008 ], [ 80.874046325683707, 22.334848403930721 ], [ 80.875350952148494, 22.346300125122298 ], [ 80.885185241699389, 22.349702835083008 ] ] ], [ [ [ 80.420066833496151, 23.142950057983512 ], [ 80.451820373535099, 23.145900726318416 ], [ 80.453628540039119, 23.129129409790153 ], [ 80.504180908203182, 23.109050750732422 ], [ 80.503829956054801, 23.081819534301871 ], [ 80.552299499512003, 23.032165527343807 ], [ 80.579078674316577, 22.962112426757869 ], [ 80.568267822265682, 22.868667602539119 ], [ 80.664436340332315, 22.837881088256836 ], [ 80.726486206054688, 22.859380722045842 ], [ 80.724670410156307, 22.814140319824276 ], [ 80.784416198730753, 22.819530487060547 ], [ 80.827621459961108, 22.85103034973173 ], [ 80.864738464355753, 22.849969863891602 ], [ 80.847335815429744, 22.81024169921875 ], [ 80.863906860351619, 22.806350708008097 ], [ 80.863426208496037, 22.759330749511719 ], [ 80.933891296386776, 22.745519638061694 ], [ 80.910423278808651, 22.71239089965826 ], [ 80.917503356933651, 22.682210922241211 ], [ 80.9361572265625, 22.67527961730957 ], [ 80.950431823730639, 22.639320373535099 ], [ 80.999252319336108, 22.637430191040153 ], [ 80.986671447754077, 22.615459442138899 ], [ 80.951187133789233, 22.60247993469244 ], [ 80.958496093750057, 22.591171264648494 ], [ 80.928787231445426, 22.585489273071516 ], [ 80.939796447753963, 22.555770874023381 ], [ 80.955886840820597, 22.560060501098633 ], [ 80.972869873047159, 22.542039871216105 ], [ 80.96848297119169, 22.521202087402628 ], [ 80.863403320312784, 22.436729431152457 ], [ 80.906669616699503, 22.391401290893612 ], [ 80.896369934082315, 22.364616394043082 ], [ 80.885391235351733, 22.349971771240462 ], [ 80.841171264648437, 22.387470245361499 ], [ 80.789520263671932, 22.396482467651538 ], [ 80.780502319336108, 22.313459396362418 ], [ 80.697128295898608, 22.269790649414119 ], [ 80.721755981445483, 22.221530914306811 ], [ 80.699218750000171, 22.204530715942383 ], [ 80.529121398925952, 22.241439819335881 ], [ 80.499961853027401, 22.275592803955305 ], [ 80.457992553710994, 22.280069351196289 ], [ 80.440437316894531, 22.248430252075423 ], [ 80.411453247070369, 22.246480941772518 ], [ 80.412460327148494, 22.281499862670898 ], [ 80.390419006347827, 22.306480407714787 ], [ 80.334701538085881, 22.299570083618391 ], [ 80.3380126953125, 22.329599380493107 ], [ 80.318717956543139, 22.345859527587834 ], [ 80.229415893554631, 22.301851272583065 ], [ 80.162582397460994, 22.328519821167106 ], [ 80.149642944336222, 22.350210189819563 ], [ 80.083351135254077, 22.343610763549918 ], [ 80.06418609619152, 22.377861022949219 ], [ 80.08599853515625, 22.428049087524585 ], [ 80.019470214843921, 22.505151748657227 ], [ 80.025382995605639, 22.544189453125 ], [ 79.947380065918139, 22.558610916137752 ], [ 80.001937866210937, 22.579982757568587 ], [ 80.029533386230412, 22.608709335327262 ], [ 80.106307983398494, 22.628820419311523 ], [ 80.145980834960994, 22.603620529174975 ], [ 80.192199707031534, 22.608011245727596 ], [ 80.209472656250057, 22.63035964965843 ], [ 80.188896179199276, 22.653459548950309 ], [ 80.229782104492472, 22.677629470825252 ], [ 80.233482360840014, 22.718240737915266 ], [ 80.284149169922159, 22.727319717407227 ], [ 80.262039184570256, 22.796129226684684 ], [ 80.208900451660213, 22.803121566772461 ], [ 80.178337097168139, 22.768030166626033 ], [ 80.096351623535156, 22.772880554199219 ], [ 80.065322875976619, 22.759370803833008 ], [ 80.014350891113338, 22.795940399169979 ], [ 79.998077392578125, 22.827869415283203 ], [ 79.975006103515796, 22.833271026611385 ], [ 79.957328796386776, 22.854690551757813 ], [ 79.965820312499943, 22.921960830688533 ], [ 79.945899963378963, 22.947099685669002 ], [ 80.005187988281307, 22.975492477417106 ], [ 79.986038208007756, 22.995521545410384 ], [ 80.000205993652514, 23.008211135864371 ], [ 79.988876342773722, 23.028110504150504 ], [ 80.096366882324276, 23.079860687255859 ], [ 80.106719970703239, 23.053449630737532 ], [ 80.154098510742188, 23.051799774169922 ], [ 80.180442810058764, 23.024919509887752 ], [ 80.17484283447294, 23.061548233032283 ], [ 80.197959899902344, 23.078620910644531 ], [ 80.174987792968807, 23.125221252441634 ], [ 80.239387512207202, 23.14989089965826 ], [ 80.270408630371378, 23.148660659790039 ], [ 80.267471313476619, 23.13125038146984 ], [ 80.302825927734659, 23.098739624023551 ], [ 80.381546020507869, 23.147090911865348 ], [ 80.393348693847713, 23.174350738525447 ], [ 80.420066833496151, 23.142950057983512 ] ] ] ] } },
{ "type": "Feature", "properties": { "ID_0": 105, "ISO": "IND", "NAME_0": "India", "ID_1": 20, "NAME_1": "Madhya Pradesh", "ID_2": 283, "NAME_2": "Mandsaur", "NL_NAME_2": null, "VARNAME_2": "Mandasor", "TYPE_2": "District", "ENGTYPE_2": "District" }, "geometry": { "type": "Polygon", "coordinates": [ [ [ 75.786186218261776, 24.765529632568303 ], [ 75.838752746582202, 24.72986984252924 ], [ 75.827140808105526, 24.671501159668196 ], [ 75.848808288574162, 24.653060913086051 ], [ 75.828147888183651, 24.613349914550838 ], [ 75.835441589355753, 24.597562789916992 ], [ 75.852546691894588, 24.61432075500494 ], [ 75.874076843261776, 24.607110977172908 ], [ 75.884361267089901, 24.58173942565918 ], [ 75.915122985839901, 24.574590682983455 ], [ 75.907035827636889, 24.550460815429801 ], [ 75.925018310546932, 24.538299560546875 ], [ 75.909347534179744, 24.514881134033317 ], [ 75.892562866210994, 24.521530151367188 ], [ 75.912452697753963, 24.485580444336051 ], [ 75.898620605468921, 24.441591262817496 ], [ 75.829002380371264, 24.422519683837947 ], [ 75.809646606445369, 24.441230773925781 ], [ 75.815109252929858, 24.465112686157227 ], [ 75.791130065918026, 24.475202560424862 ], [ 75.783576965331974, 24.451829910278548 ], [ 75.748725891113452, 24.428409576416243 ], [ 75.755279541015682, 24.409309387207145 ], [ 75.726882934570426, 24.405279159545842 ], [ 75.737922668457088, 24.347970962524357 ], [ 75.765090942382813, 24.31065940856945 ], [ 75.811203002929972, 24.303449630737305 ], [ 75.812690734863338, 24.256881713867301 ], [ 75.826881408691349, 24.246410369873047 ], [ 75.773506164550952, 24.220891952514648 ], [ 75.743492126465128, 24.13960075378418 ], [ 75.776298522949503, 24.138961791992244 ], [ 75.789611816406307, 24.109800338745231 ], [ 75.802398681640682, 24.118330001831282 ], [ 75.812187194824162, 24.102870941162223 ], [ 75.83579254150402, 24.111351013183707 ], [ 75.833763122558594, 24.075429916381893 ], [ 75.779617309570483, 24.062080383300838 ], [ 75.762039184570313, 23.997951507568416 ], [ 75.700408935547159, 23.969060897827092 ], [ 75.669197082519702, 24.033542633056641 ], [ 75.634742736816463, 23.99983024597168 ], [ 75.58383941650419, 23.991920471191634 ], [ 75.566932678222827, 24.022710800170898 ], [ 75.514381408691463, 24.048732757568473 ], [ 75.464767456054744, 23.980728149414176 ], [ 75.455551147461108, 23.917062759399528 ], [ 75.371513366699276, 23.873239517211914 ], [ 75.343299865722713, 23.809001922607365 ], [ 75.323181152343921, 23.80813026428234 ], [ 75.333641052246037, 23.839939117431641 ], [ 75.298767089843921, 23.855581283569279 ], [ 75.255676269531421, 23.824611663818473 ], [ 75.233619689941463, 23.865221023559513 ], [ 75.191909790039347, 23.829839706420842 ], [ 75.133216857910327, 23.831291198730526 ], [ 75.118751525878963, 23.851060867309684 ], [ 75.091682434082088, 23.817768096923771 ], [ 75.050292968750057, 23.82666015625 ], [ 75.054412841796875, 23.800081253051985 ], [ 75.036666870117131, 23.785379409790096 ], [ 75.008316040039119, 23.816169738769531 ], [ 74.939926147461222, 23.765850067138786 ], [ 74.927619934082202, 23.79833030700695 ], [ 74.910339355468864, 23.80084037780756 ], [ 74.905677795410327, 23.873910903930721 ], [ 74.921310424804858, 23.935712814331055 ], [ 74.968696594238338, 23.979730606079158 ], [ 74.992988586425724, 24.029701232910213 ], [ 74.959518432617244, 24.110090255737305 ], [ 74.936180114746264, 24.123769760131836 ], [ 74.880172729492244, 24.21648025512701 ], [ 74.961906433105469, 24.302459716796932 ], [ 74.959037780761662, 24.355131149291992 ], [ 74.982215881347713, 24.375019073486385 ], [ 74.992469787597827, 24.360771179199276 ], [ 75.02249908447277, 24.395130157470646 ], [ 75.054000854492472, 24.374090194702205 ], [ 75.040580749511776, 24.345390319824332 ], [ 75.113250732421932, 24.383211135864371 ], [ 75.131462097167912, 24.370929718017578 ], [ 75.121559143066406, 24.358329772949276 ], [ 75.212921142578125, 24.331842422485408 ], [ 75.309677124023494, 24.338800430297795 ], [ 75.3311767578125, 24.359319686889592 ], [ 75.361495971679688, 24.340599060058651 ], [ 75.422508239746378, 24.351810455322379 ], [ 75.428588867187784, 24.379320144653377 ], [ 75.484542846679858, 24.424520492553825 ], [ 75.527519226074276, 24.487880706787109 ], [ 75.579101562500284, 24.515899658203239 ], [ 75.589996337890625, 24.541339874267635 ], [ 75.587501525878849, 24.621099472046126 ], [ 75.572280883789233, 24.634979248046818 ], [ 75.578842163085994, 24.653102874756087 ], [ 75.609519958496151, 24.654020309448242 ], [ 75.548545837402457, 24.715560913086165 ], [ 75.581901550293026, 24.722700119018555 ], [ 75.609436035156193, 24.6899929046632 ], [ 75.634002685547159, 24.691150665283146 ], [ 75.730758666992188, 24.755550384521541 ], [ 75.786186218261776, 24.765529632568303 ] ] ] } },
{ "type": "Feature", "properties": { "ID_0": 105, "ISO": "IND", "NAME_0": "India", "ID_1": 20, "NAME_1": "Madhya Pradesh", "ID_2": 284, "NAME_2": "Morena", "NL_NAME_2": null, "VARNAME_2": "Tonwarghar", "TYPE_2": "District", "ENGTYPE_2": "District" }, "geometry": { "type": "Polygon", "coordinates": [ [ [ 78.364646911621264, 26.868841171264648 ], [ 78.389739990234659, 26.824899673462085 ], [ 78.425872802734546, 26.832319259643612 ], [ 78.45078277587919, 26.798051834106673 ], [ 78.535049438476619, 26.771661758422852 ], [ 78.529296875000057, 26.739410400390625 ], [ 78.506141662597656, 26.726739883422908 ], [ 78.521072387695312, 26.681480407715071 ], [ 78.503189086914119, 26.692129135131893 ], [ 78.487396240234659, 26.676019668579215 ], [ 78.454353332519588, 26.67720985412609 ], [ 78.461372375488281, 26.654390335083008 ], [ 78.428550720215014, 26.643449783325138 ], [ 78.410896301269645, 26.595092773437557 ], [ 78.373016357421875, 26.609319686889876 ], [ 78.378456115722713, 26.592010498047102 ], [ 78.362991333007869, 26.594280242920036 ], [ 78.330406188964957, 26.550600051879883 ], [ 78.30377197265625, 26.556631088256836 ], [ 78.292762756347656, 26.596780776977539 ], [ 78.26346588134777, 26.571470260620117 ], [ 78.260299682617358, 26.540929794311467 ], [ 78.236152648925838, 26.550569534301701 ], [ 78.223228454590128, 26.537420272827376 ], [ 78.234512329101847, 26.532051086425781 ], [ 78.207427978515909, 26.534479141235408 ], [ 78.236572265625114, 26.470991134643555 ], [ 78.258232116699389, 26.466140747070369 ], [ 78.248321533203125, 26.448720932007063 ], [ 78.278495788574276, 26.447721481323242 ], [ 78.287055969238338, 26.420259475708121 ], [ 78.254257202148494, 26.364810943603629 ], [ 78.251472473144815, 26.31912994384777 ], [ 78.200332641601676, 26.310520172119141 ], [ 78.137626647949162, 26.346900939941463 ], [ 78.06723785400419, 26.335399627685604 ], [ 78.057258605957088, 26.319240570068473 ], [ 77.997177124023494, 26.329570770263672 ], [ 78.003227233886719, 26.277959823608398 ], [ 77.981910705566463, 26.273530960083235 ], [ 77.986129760742301, 26.25005912780756 ], [ 77.951866149902344, 26.265319824218864 ], [ 77.943061828613565, 26.249700546264648 ], [ 77.904167175292912, 26.258779525756893 ], [ 77.85605621337902, 26.220041275024414 ], [ 77.829582214355753, 26.235790252685604 ], [ 77.836532592773494, 26.257368087768555 ], [ 77.807670593261719, 26.260900497436637 ], [ 77.736923217773608, 26.168970108032227 ], [ 77.734756469726847, 26.133991241455135 ], [ 77.764900207519815, 26.121669769287109 ], [ 77.754058837890568, 26.091550827026481 ], [ 77.768867492675838, 26.059602737426871 ], [ 77.753646850586222, 26.045860290527344 ], [ 77.722640991211108, 26.055168151855582 ], [ 77.665283203125057, 25.984909057617415 ], [ 77.670097351074503, 25.921510696411246 ], [ 77.542060852050838, 25.908470153808707 ], [ 77.531166076660213, 25.945890426635742 ], [ 77.558677673339901, 25.937290191650447 ], [ 77.593086242675724, 25.965280532836971 ], [ 77.640602111816577, 25.969631195068303 ], [ 77.641632080078182, 26.014160156250114 ], [ 77.615386962890909, 26.017681121826286 ], [ 77.607643127441406, 26.03549957275402 ], [ 77.628486633300838, 26.071409225463867 ], [ 77.661293029785213, 26.075069427490348 ], [ 77.655822753906534, 26.104841232299862 ], [ 77.597656249999943, 26.076360702514648 ], [ 77.605712890625171, 26.046501159668026 ], [ 77.573181152343807, 26.018140792846623 ], [ 77.393890380859432, 26.157949447631779 ], [ 77.268577575683651, 26.129890441894588 ], [ 77.227172851562557, 26.085380554199219 ], [ 77.200126647949503, 26.111030578613395 ], [ 77.173011779785213, 26.178279876709098 ], [ 77.139488220215128, 26.168279647827148 ], [ 77.130226135254077, 26.179660797119141 ], [ 77.140556335449276, 26.195068359375057 ], [ 77.109382629394474, 26.225072860717717 ], [ 77.124031066894815, 26.23795127868658 ], [ 77.203109741210994, 26.237400054931754 ], [ 77.289947509765739, 26.295591354370174 ], [ 77.334671020507983, 26.357231140136776 ], [ 77.36624908447277, 26.371519088745231 ], [ 77.436767578125057, 26.36814117431652 ], [ 77.427719116210881, 26.40690994262718 ], [ 77.522880554199503, 26.414911270141715 ], [ 77.667686462402514, 26.508310317993221 ], [ 77.713981628418253, 26.504249572753963 ], [ 77.744346618652344, 26.545249938964844 ], [ 77.812995910644474, 26.554809570312557 ], [ 77.82041168212919, 26.599838256836165 ], [ 77.879386901855469, 26.620290756225529 ], [ 77.894577026367301, 26.662210464477539 ], [ 77.947891235351733, 26.665040969848633 ], [ 77.992218017578182, 26.702640533447209 ], [ 78.085739135742472, 26.683050155639648 ], [ 78.08914947509794, 26.73810958862299 ], [ 78.116058349609659, 26.754619598388899 ], [ 78.095680236816406, 26.771799087524528 ], [ 78.105522155761776, 26.800752639770565 ], [ 78.176116943359659, 26.791492462158317 ], [ 78.167572021484318, 26.831951141357365 ], [ 78.222991943359432, 26.837209701538086 ], [ 78.260887145996264, 26.820949554443359 ], [ 78.282066345215014, 26.86408805847168 ], [ 78.364646911621264, 26.868841171264648 ] ] ] } },
{ "type": "Feature", "properties": { "ID_0": 105, "ISO": "IND", "NAME_0": "India", "ID_1": 20, "NAME_1": "Madhya Pradesh", "ID_2": 285, "NAME_2": "Narsinghpur", "NL_NAME_2": null, "VARNAME_2": "Narsimhapur", "TYPE_2": "District", "ENGTYPE_2": "District" }, "geometry": { "type": "Polygon", "coordinates": [ [ [ 78.842308044433651, 23.228160858154411 ], [ 78.888130187988565, 23.215969085693473 ], [ 78.92819976806669, 23.235771179199219 ], [ 78.936279296875171, 23.213808059692496 ], [ 78.975112915039347, 23.20103836059593 ], [ 78.988548278808764, 23.215709686279354 ], [ 79.025093078613565, 23.196821212768555 ], [ 79.101341247558651, 23.20862007141136 ], [ 79.108581542968807, 23.172540664672908 ], [ 79.141418457031364, 23.174238204956168 ], [ 79.180023193359546, 23.200490951538143 ], [ 79.190505981445313, 23.242162704467887 ], [ 79.220596313476847, 23.227428436279411 ], [ 79.235656738281534, 23.252901077270621 ], [ 79.25913238525419, 23.243150711059627 ], [ 79.264053344726676, 23.216350555420036 ], [ 79.301719665527514, 23.233360290527571 ], [ 79.323760986328239, 23.150300979614371 ], [ 79.365646362304687, 23.167079925537337 ], [ 79.345123291015739, 23.108060836792106 ], [ 79.450225830078409, 23.097291946411246 ], [ 79.50479888916044, 23.142169952392692 ], [ 79.565567016601619, 23.133661270141829 ], [ 79.575096130371151, 23.113840103149471 ], [ 79.608985900879077, 23.105070114135742 ], [ 79.585289001465128, 23.024209976196403 ], [ 79.633598327636889, 22.97467041015625 ], [ 79.577529907226733, 22.944339752197379 ], [ 79.615753173828182, 22.904769897461051 ], [ 79.618820190429801, 22.875778198242301 ], [ 79.538146972656364, 22.819969177246094 ], [ 79.510368347167969, 22.777790069580305 ], [ 79.507553100585937, 22.722209930419922 ], [ 79.466400146484432, 22.72599983215332 ], [ 79.463516235351619, 22.743061065673885 ], [ 79.406883239746151, 22.724420547485295 ], [ 79.386222839355639, 22.673400878906364 ], [ 79.319496154785213, 22.617910385131779 ], [ 79.292816162109432, 22.62039947509777 ], [ 79.299285888671932, 22.647832870483512 ], [ 79.278488159179744, 22.656419754028377 ], [ 79.290229797363565, 22.683420181274357 ], [ 79.25968170166044, 22.688070297241325 ], [ 79.238250732421932, 22.720600128173885 ], [ 79.255851745605582, 22.741979598999251 ], [ 79.223396301269588, 22.817632675170898 ], [ 79.172096252441463, 22.78861236572277 ], [ 79.131492614746207, 22.790769577026367 ], [ 79.082015991211108, 22.746051788330078 ], [ 79.038757324218807, 22.761510848999137 ], [ 79.011199951171818, 22.742122650146712 ], [ 79.021240234375057, 22.710849761963118 ], [ 79.000267028808707, 22.693040847778377 ], [ 79.013038635253963, 22.651081085205078 ], [ 78.991043090820312, 22.62155914306652 ], [ 78.93888092041044, 22.629501342773665 ], [ 78.905189514160327, 22.675680160522575 ], [ 78.842956542969034, 22.686969757080078 ], [ 78.813041687011719, 22.658220291137809 ], [ 78.774276733398722, 22.650640487670955 ], [ 78.776138305664119, 22.630050659179744 ], [ 78.735946655273722, 22.626541137695256 ], [ 78.677871704101619, 22.665979385376204 ], [ 78.674346923828409, 22.702199935913029 ], [ 78.688026428222713, 22.710531234741268 ], [ 78.671173095703296, 22.728759765624943 ], [ 78.688583374023494, 22.773019790649528 ], [ 78.654586791992187, 22.769920349121207 ], [ 78.644248962402514, 22.783840179443359 ], [ 78.630516052246264, 22.761379241943416 ], [ 78.632171630859659, 22.800529479980469 ], [ 78.610527038574219, 22.80048942565918 ], [ 78.615737915039119, 22.82072830200201 ], [ 78.584648132324276, 22.818809509277344 ], [ 78.594650268554688, 22.850469589233398 ], [ 78.569442749023722, 22.869939804077205 ], [ 78.588638305664119, 22.882278442382926 ], [ 78.575736999512003, 22.885080337524414 ], [ 78.582626342773438, 22.913419723510742 ], [ 78.566192626953409, 22.958740234375114 ], [ 78.463241577148608, 22.961629867553711 ], [ 78.467376708984659, 22.985799789428825 ], [ 78.436965942382869, 22.988300323486328 ], [ 78.463829040527514, 23.00896072387718 ], [ 78.585327148437671, 23.014602661132869 ], [ 78.617530822753906, 23.033840179443303 ], [ 78.641006469726733, 23.027090072631836 ], [ 78.723960876464844, 23.049600601196403 ], [ 78.750022888183707, 23.082769393920898 ], [ 78.794502258301065, 23.101230621337891 ], [ 78.784217834472599, 23.121730804443473 ], [ 78.809036254882813, 23.220001220703182 ], [ 78.80155181884794, 23.239271163940543 ], [ 78.827445983886776, 23.255489349365178 ], [ 78.842308044433651, 23.228160858154411 ] ] ] } },
{ "type": "Feature", "properties": { "ID_0": 105, "ISO": "IND", "NAME_0": "India", "ID_1": 20, "NAME_1": "Madhya Pradesh", "ID_2": 286, "NAME_2": "Neemuch", "NL_NAME_2": null, "VARNAME_2": null, "TYPE_2": "District", "ENGTYPE_2": "District" }, "geometry": { "type": "Polygon", "coordinates": [ [ [ 75.182090759277401, 25.047580718994254 ], [ 75.200561523437671, 25.034498214721793 ], [ 75.354240417480412, 25.037370681762752 ], [ 75.318946838378849, 25.006509780883846 ], [ 75.337486267090014, 24.963100433349723 ], [ 75.313873291015682, 24.900440216064453 ], [ 75.275901794433764, 24.976730346679801 ], [ 75.266311645507756, 24.961919784545955 ], [ 75.293083190918026, 24.923179626464787 ], [ 75.267028808594034, 24.914211273193587 ], [ 75.261451721191463, 24.889659881591911 ], [ 75.311302185058878, 24.869459152221737 ], [ 75.32596588134794, 24.887008666992244 ], [ 75.371971130371037, 24.877981185913086 ], [ 75.424217224121378, 24.8927516937257 ], [ 75.417098999023494, 24.863901138305607 ], [ 75.305732727050895, 24.813329696655273 ], [ 75.278938293457202, 24.853490829467887 ], [ 75.227386474609659, 24.859149932861442 ], [ 75.249946594238452, 24.895690917968864 ], [ 75.223419189453296, 24.890029907226563 ], [ 75.208190917968921, 24.909999847412166 ], [ 75.201316833496264, 24.884201049804744 ], [ 75.251548767089901, 24.832218170166072 ], [ 75.206420898437443, 24.809930801391545 ], [ 75.186851501464901, 24.760320663452205 ], [ 75.216949462890796, 24.722410202026424 ], [ 75.224060058593807, 24.735460281372127 ], [ 75.267242431640909, 24.732719421386776 ], [ 75.451896667480412, 24.693218231201286 ], [ 75.548545837402457, 24.715560913086165 ], [ 

